50
Neophocaena_asiaeorientalis_asiaeorientalis 0.0000000 0.0271912 0.0089332 0.0179894 0.0099278 0.0119389 0.0109360 0.0099278 0.0049427 0.0079425 0.0059468 0.0149455 0.0119371 0.0119178 0.0169968 0.0119120 0.0139192 0.0200214 0.0039475 0.2189732 0.2206561 0.2200159 0.2316901 0.2270787 0.2189905 0.2277630 0.2178349 0.2172272 0.2176104 0.2193473 0.0658500 0.0668958 0.0849099 0.0874528 0.0875507 0.0820640 0.0794020 0.0782710 0.0771069 0.0772130 0.1260878 0.2220121 0.1897285 0.1763942 0.1290231 0.2278865 0.2195408 0.1900657 0.4063740 0.3275592 
Lipotes_vexillifer                          0.0271912 0.0000000 0.0220682 0.0292516 0.0230755 0.0251355 0.0220614 0.0230755 0.0302787 0.0272574 0.0251962 0.0254500 0.0230925 0.0250904 0.0303412 0.0250707 0.0271184 0.0333725 0.0292206 0.2318440 0.2364202 0.2314129 0.2418839 0.2385992 0.2303254 0.2392256 0.2298136 0.2286356 0.2289855 0.2307516 0.0830202 0.0836891 0.1005131 0.0984558 0.1008860 0.0975768 0.0971987 0.0960382 0.0948377 0.0949727 0.1428414 0.2362965 0.2020251 0.1933538 0.1431255 0.2410650 0.2325977 0.2024180 0.4139838 0.3408571 
Lagenorhynchus_albirostris                  0.0089332 0.0220682 0.0000000 0.0109179 0.0049360 0.0049400 0.0039491 0.0049360 0.0119386 0.0089543 0.0069528 0.0099233 0.0069349 0.0069237 0.0139551 0.0089072 0.0109037 0.0169672 0.0109254 0.2192897 0.2237592 0.2188456 0.2304913 0.2258889 0.2178238 0.2265783 0.2166685 0.2160577 0.2164450 0.2181772 0.0642462 0.0652949 0.0804195 0.0829408 0.0830331 0.0775958 0.0783145 0.0771844 0.0760214 0.0761259 0.1253685 0.2197150 0.1859508 0.1744031 0.1280951 0.2232715 0.2172938 0.1862728 0.4061423 0.3274736 
Lagenorhynchus_obliquidens                  0.0179894 0.0292516 0.0109179 0.0000000 0.0079249 0.0079208 0.0109145 0.0079249 0.0210353 0.0180326 0.0160020 0.0149362 0.0119295 0.0159350 0.0201861 0.0159231 0.0179417 0.0240875 0.0200001 0.2214684 0.2242626 0.2213418 0.2314897 0.2283829 0.2200024 0.2287611 0.2188505 0.2172265 0.2176093 0.2193447 0.0719493 0.0730026 0.0872304 0.0897873 0.0898881 0.0843704 0.0816105 0.0804768 0.0793091 0.0794187 0.1293152 0.2307411 0.1965606 0.1784030 0.1296429 0.2286934 0.2203290 0.1956925 0.4063847 0.3262229 
Delphinus_delphis                           0.0099278 0.0230755 0.0049360 0.0079249 0.0000000 0.0039495 0.0049345 0.0000010 0.0129360 0.0119571 0.0099476 0.0109179 0.0079272 0.0099060 0.0149454 0.0098989 0.0118973 0.0179687 0.0119210 0.2163630 0.2208174 0.2173992 0.2290355 0.2244334 0.2163790 0.2251312 0.2152212 0.2146074 0.2149980 0.2167294 0.0657543 0.0667985 0.0847828 0.0873215 0.0874190 0.0819417 0.0817107 0.0805758 0.0794069 0.0795167 0.1270493 0.2224776 0.1887104 0.1758297 0.1273846 0.2261593 0.2178282 0.1878133 0.4030347 0.3220552 
Globicephala_melas                          0.0119389 0.0251355 0.0049400 0.0079208 0.0039495 0.0000000 0.0049385 0.0039495 0.0149580 0.0119672 0.0099559 0.0129305 0.0099303 0.0099143 0.0140713 0.0119039 0.0139097 0.0200079 0.0139375 0.2187146 0.2231756 0.2182707 0.2295542 0.2252445 0.2172510 0.2259920 0.2160964 0.2154858 0.2158733 0.2176023 0.0657704 0.0668149 0.0825799 0.0851094 0.0852043 0.0797479 0.0771629 0.0760346 0.0748740 0.0749767 0.1282942 0.2253888 0.1914113 0.1772229 0.1284983 0.2276528 0.2193030 0.1905239 0.4042191 0.3230416 
Orcinus_orca                                0.0109360 0.0220614 0.0039491 0.0109145 0.0049345 0.0049385 0.0000000 0.0049345 0.0139508 0.0109619 0.0089537 0.0119272 0.0089307 0.0089163 0.0139508 0.0109040 0.0129069 0.0189939 0.0129326 0.2141517 0.2185864 0.2136327 0.2252918 0.2207008 0.2126896 0.2214169 0.2120800 0.2109046 0.2113073 0.2130293 0.0668952 0.0679409 0.0837533 0.0862902 0.0863866 0.0809136 0.0824064 0.0812668 0.0800926 0.0802038 0.1268251 0.2249057 0.1909499 0.1758007 0.1294841 0.2260709 0.2177482 0.1912941 0.4026164 0.3269854 
Tursiops_truncatus                          0.0099278 0.0230755 0.0049360 0.0079249 0.0000010 0.0039495 0.0049345 0.0000000 0.0129360 0.0119571 0.0099476 0.0109179 0.0079272 0.0099060 0.0149454 0.0098989 0.0118973 0.0179687 0.0119210 0.2163630 0.2208174 0.2173992 0.2290355 0.2244334 0.2163790 0.2251312 0.2152212 0.2146074 0.2149980 0.2167294 0.0657543 0.0667985 0.0847828 0.0873215 0.0874190 0.0819417 0.0817107 0.0805758 0.0794069 0.0795167 0.1270493 0.2224776 0.1887104 0.1758297 0.1273846 0.2261593 0.2178282 0.1878133 0.4030347 0.3220552 
Phocoena_sinus                              0.0049427 0.0302787 0.0119386 0.0210353 0.0129360 0.0149580 0.0139508 0.0129360 0.0000000 0.0109465 0.0089412 0.0179755 0.0149558 0.0149315 0.0200419 0.0149241 0.0169403 0.0230764 0.0009877 0.2152776 0.2169416 0.2179610 0.2296084 0.2250035 0.2152926 0.2240354 0.2141341 0.2138511 0.2142439 0.2159674 0.0660380 0.0670867 0.0851561 0.0877070 0.0878054 0.0823015 0.0774266 0.0762945 0.0751299 0.0752333 0.1257002 0.2257019 0.1932305 0.1753433 0.1280932 0.2269051 0.2185677 0.1960524 0.4046053 0.3276979 
Monodon_monoceros                           0.0079425 0.0272574 0.0089543 0.0180326 0.0119571 0.0119672 0.0109619 0.0119571 0.0109465 0.0000000 0.0039653 0.0149811 0.0119655 0.0119460 0.0190617 0.0139448 0.0159619 0.0220989 0.0099346 0.2177612 0.2222181 0.2173158 0.2289389 0.2243422 0.2162971 0.2250393 0.2151405 0.2145261 0.2149179 0.2166462 0.0626280 0.0636724 0.0793574 0.0818749 0.0819660 0.0765374 0.0759829 0.0748571 0.0736996 0.0738004 0.1272851 0.2241127 0.1913187 0.1799558 0.1302194 0.2258745 0.2175385 0.1916643 0.4024359 0.3258544 
Delphinapterus_leucas                       0.0059468 0.0251962 0.0069528 0.0160020 0.0099476 0.0099559 0.0089537 0.0099476 0.0089412 0.0039653 0.0000000 0.0129619 0.0099545 0.0099383 0.0170265 0.0119328 0.0139434 0.0200563 0.0079344 0.2165588 0.2210118 0.2161120 0.2277329 0.2231344 0.2150943 0.2238386 0.2139352 0.2133168 0.2137128 0.2154404 0.0659803 0.0670279 0.0828466 0.0853848 0.0854803 0.0800051 0.0795422 0.0784093 0.0772432 0.0773497 0.1273919 0.2270355 0.1940260 0.1801152 0.1303284 0.2289601 0.2205663 0.1943847 0.4062662 0.3281309 
Kogia_breviceps                             0.0149455 0.0254500 0.0099233 0.0149362 0.0109179 0.0129305 0.0119272 0.0109179 0.0179755 0.0149811 0.0129619 0.0000000 0.0069274 0.0129077 0.0200117 0.0128982 0.0149059 0.0210119 0.0169485 0.2220465 0.2265541 0.2217333 0.2334752 0.2288418 0.2205717 0.2294396 0.2194145 0.2188096 0.2191897 0.2209349 0.0699706 0.0700171 0.0860647 0.0886149 0.0887142 0.0832115 0.0838949 0.0827581 0.0815865 0.0816996 0.1308424 0.2264295 0.1927527 0.1810278 0.1305958 0.2286408 0.2202879 0.1931051 0.4106618 0.3290546 
Physeter_catodon                            0.0119371 0.0230925 0.0069349 0.0119295 0.0079272 0.0099303 0.0089307 0.0079272 0.0149558 0.0119655 0.0099545 0.0069274 0.0000000 0.0099128 0.0169828 0.0099057 0.0119056 0.0179817 0.0139354 0.2204592 0.2249610 0.2200136 0.2317344 0.2271054 0.2189838 0.2277916 0.2178235 0.2172138 0.2175993 0.2193432 0.0679738 0.0690199 0.0842021 0.0867507 0.0868480 0.0813495 0.0815997 0.0804665 0.0792993 0.0794088 0.1295329 0.2235605 0.1897677 0.1755816 0.1283832 0.2271486 0.2188054 0.1901062 0.4084070 0.3275403 
Mesoplodon_densirostris                     0.0119178 0.0250904 0.0069237 0.0159350 0.0099060 0.0099143 0.0089163 0.0099060 0.0149315 0.0119460 0.0099383 0.0129077 0.0099128 0.0000000 0.0149573 0.0079187 0.0118992 0.0179716 0.0139128 0.2178159 0.2222769 0.2199143 0.2315800 0.2244028 0.2163505 0.2251000 0.2151932 0.2145787 0.2149705 0.2167003 0.0678566 0.0689019 0.0847157 0.0872527 0.0873501 0.0818765 0.0815638 0.0804309 0.0792640 0.0793734 0.1303969 0.2249864 0.1923474 0.1781883 0.1319047 0.2285783 0.2230653 0.1926979 0.4055348 0.3233290 
Eubalaena_glacialis                         0.0169968 0.0303412 0.0139551 0.0201861 0.0149454 0.0140713 0.0139508 0.0149454 0.0200419 0.0190617 0.0170265 0.0200117 0.0169828 0.0149573 0.0000000 0.0109179 0.0109142 0.0201973 0.0190079 0.2149353 0.2194139 0.2185360 0.2302784 0.2230515 0.2134606 0.2222660 0.2122902 0.2116639 0.2122359 0.2138058 0.0734354 0.0744847 0.0906598 0.0935987 0.0937040 0.0877814 0.0868726 0.0857250 0.0845412 0.0846597 0.1352292 0.2323351 0.1983647 0.1845071 0.1345620 0.2366318 0.2282125 0.1987422 0.4024840 0.3242192 
Balaenoptera_ricei                          0.0119120 0.0250707 0.0089072 0.0159231 0.0098989 0.0119039 0.0109040 0.0098989 0.0149241 0.0139448 0.0119328 0.0128982 0.0099057 0.0079187 0.0109179 0.0000000 0.0039421 0.0119237 0.0139060 0.2150137 0.2194560 0.2185858 0.2302361 0.2230662 0.2135503 0.2222860 0.2123895 0.2117675 0.2121679 0.2138924 0.0678726 0.0689181 0.0825099 0.0854245 0.0855194 0.0796805 0.0793620 0.0782314 0.0770678 0.0771738 0.1281249 0.2223067 0.1888692 0.1775345 0.1267558 0.2277714 0.2194505 0.1892036 0.4018290 0.3223346 
Balaenoptera_acutorostrata                  0.0139192 0.0271184 0.0109037 0.0179417 0.0118973 0.0139097 0.0129069 0.0118973 0.0169403 0.0159619 0.0139434 0.0149059 0.0119056 0.0118992 0.0109142 0.0039421 0.0000000 0.0139331 0.0159173 0.2125226 0.2169363 0.2160722 0.2276652 0.2205265 0.2107263 0.2197646 0.2099043 0.2092776 0.2096843 0.2113994 0.0700668 0.0711127 0.0847771 0.0876966 0.0877942 0.0819355 0.0816227 0.0804889 0.0793212 0.0794307 0.1305517 0.2251482 0.1916409 0.1774595 0.1303237 0.2305517 0.2222042 0.1919873 0.3984069 0.3215451 
Balaenoptera_musculus                       0.0200214 0.0333725 0.0169672 0.0240875 0.0179687 0.0200079 0.0189939 0.0179687 0.0230764 0.0220989 0.0200563 0.0210119 0.0179817 0.0179716 0.0201973 0.0119237 0.0139331 0.0000000 0.0220362 0.2272000 0.2317377 0.2293425 0.2411443 0.2338987 0.2257246 0.2345484 0.2245746 0.2239821 0.2245168 0.2260999 0.0768626 0.0779155 0.0940766 0.0966687 0.0967780 0.0911824 0.0885008 0.0873565 0.0861756 0.0862962 0.1350079 0.2335598 0.1975273 0.1842146 0.1359523 0.2328082 0.2244181 0.2001209 0.4121244 0.3329878 
Phocoena_phocoena                           0.0039475 0.0292206 0.0109254 0.0200001 0.0119210 0.0139375 0.0129326 0.0119210 0.0009877 0.0099346 0.0079344 0.0169485 0.0139354 0.0139128 0.0190079 0.0139060 0.0159173 0.0220362 0.0000000 0.2153710 0.2170359 0.2164041 0.2280283 0.2234293 0.2153861 0.2241317 0.2142274 0.2139443 0.2143369 0.2160611 0.0648813 0.0659283 0.0839388 0.0864812 0.0865780 0.0810932 0.0762260 0.0750966 0.0739351 0.0740366 0.1243818 0.2241027 0.1917157 0.1738525 0.1267689 0.2253005 0.2169839 0.1945278 0.4047476 0.3278274 
Aptenodytes_forsteri                        0.2189732 0.2318440 0.2192897 0.2214684 0.2163630 0.2187146 0.2141517 0.2163630 0.2152776 0.2177612 0.2165588 0.2220465 0.2204592 0.2178159 0.2149353 0.2150137 0.2125226 0.2272000 0.2153710 0.0000000 0.0038935 0.0260947 0.0302942 0.0270920 0.0119330 0.0238561 0.0159848 0.0109385 0.0149207 0.0139314 0.2377518 0.2389530 0.2495040 0.2528849 0.2532351 0.2459093 0.2411260 0.2397332 0.2382621 0.2408908 0.2753440 0.3847132 0.3618181 0.3411892 0.2869574 0.3811818 0.3701968 0.3657032 0.2787960 0.1849264 
Pygoscelis_adeliae                          0.2206561 0.2364202 0.2237592 0.2242626 0.2208174 0.2231756 0.2185864 0.2208174 0.2169416 0.2222181 0.2210118 0.2265541 0.2249610 0.2222769 0.2194139 0.2194560 0.2169363 0.2317377 0.2170359 0.0038935 0.0000000 0.0301979 0.0333940 0.0311971 0.0159542 0.0274441 0.0194587 0.0143042 0.0183609 0.0173558 0.2423172 0.2435246 0.2541689 0.2575692 0.2579274 0.2505511 0.2457485 0.2443468 0.2428658 0.2455086 0.2802324 0.3903755 0.3673180 0.3417946 0.2919361 0.3868077 0.3757472 0.3712360 0.2819819 0.1891452 
Strigops_habroptila                         0.2200159 0.2314129 0.2188456 0.2213418 0.2173992 0.2182707 0.2136327 0.2173992 0.2179610 0.2173158 0.2161120 0.2217333 0.2200136 0.2199143 0.2185360 0.2185858 0.2160722 0.2293425 0.2164041 0.0260947 0.0301979 0.0000000 0.0208295 0.0227546 0.0258217 0.0360107 0.0259048 0.0228310 0.0268317 0.0248513 0.2382950 0.2394929 0.2528741 0.2551365 0.2554895 0.2492783 0.2443646 0.2429700 0.2414958 0.2441272 0.2749189 0.3911647 0.3670081 0.3490175 0.2847386 0.3895608 0.3785038 0.3709291 0.2948557 0.2030659 
Nestor_notabilis                            0.2316901 0.2418839 0.2304913 0.2314897 0.2290355 0.2295542 0.2252918 0.2290355 0.2296084 0.2289389 0.2277329 0.2334752 0.2317344 0.2315800 0.2302784 0.2302361 0.2276652 0.2411443 0.2280283 0.0302942 0.0333940 0.0208295 0.0000000 0.0229653 0.0299953 0.0412649 0.0321054 0.0289877 0.0330214 0.0310299 0.2439723 0.2451839 0.2616538 0.2639584 0.2643292 0.2580032 0.2506201 0.2492058 0.2477113 0.2503745 0.2778719 0.3970212 0.3726132 0.3511486 0.2905165 0.3947088 0.3835360 0.3765802 0.2944781 0.1987988 
Pezoporus_flaviventris                      0.2270787 0.2385992 0.2258889 0.2283829 0.2244334 0.2252445 0.2207008 0.2244334 0.2250035 0.2243422 0.2231344 0.2288418 0.2271054 0.2244028 0.2230515 0.2230662 0.2205265 0.2338987 0.2234293 0.0270920 0.0311971 0.0227546 0.0229653 0.0000000 0.0288034 0.0369258 0.0298763 0.0267902 0.0307916 0.0288142 0.2430085 0.2442155 0.2577373 0.2600228 0.2603860 0.2541110 0.2467583 0.2453533 0.2438688 0.2465171 0.2778931 0.3867700 0.3659543 0.3445882 0.2902527 0.3865282 0.3754433 0.3698820 0.2959429 0.2031479 
Calypte_anna                                0.2189905 0.2303254 0.2178238 0.2200024 0.2163790 0.2172510 0.2126896 0.2163790 0.2152926 0.2162971 0.2150943 0.2205717 0.2189838 0.2163505 0.2134606 0.2135503 0.2107263 0.2257246 0.2153861 0.0119330 0.0159542 0.0258217 0.0299953 0.0288034 0.0000000 0.0257631 0.0157881 0.0107918 0.0147344 0.0137544 0.2373955 0.2385956 0.2447847 0.2481552 0.2484965 0.2412057 0.2398234 0.2384331 0.2369646 0.2395896 0.2705511 0.3817346 0.3610211 0.3402824 0.2822250 0.3809329 0.3715514 0.3649064 0.2868026 0.1912471 
Lonchura_striata_domestica                  0.2277630 0.2392256 0.2265783 0.2287611 0.2251312 0.2259920 0.2214169 0.2251312 0.2240354 0.2250393 0.2238386 0.2294396 0.2277916 0.2251000 0.2222660 0.2222860 0.2197646 0.2345484 0.2241317 0.0238561 0.0274441 0.0360107 0.0412649 0.0369258 0.0257631 0.0000000 0.0157635 0.0187193 0.0220025 0.0200149 0.2454902 0.2466945 0.2565596 0.2601050 0.2604665 0.2530950 0.2427081 0.2413129 0.2398391 0.2424714 0.2757748 0.3848136 0.3603643 0.3438668 0.2875573 0.3909863 0.3798284 0.3642311 0.2924734 0.1990907 
Corvus_cornix_cornix                        0.2178349 0.2298136 0.2166685 0.2188505 0.2152212 0.2160964 0.2120800 0.2152212 0.2141341 0.2151405 0.2139352 0.2194145 0.2178235 0.2151932 0.2122902 0.2123895 0.2099043 0.2245746 0.2142274 0.0159848 0.0194587 0.0259048 0.0321054 0.0298763 0.0157881 0.0157635 0.0000000 0.0088291 0.0119753 0.0099864 0.2358473 0.2370477 0.2489128 0.2522959 0.2526446 0.2453173 0.2380843 0.2366922 0.2352220 0.2378515 0.2703694 0.3857167 0.3591532 0.3399328 0.2819501 0.3838527 0.3728345 0.3630303 0.2874507 0.1927846 
Neopelma_chrysocephalum                     0.2172272 0.2286356 0.2160577 0.2172265 0.2146074 0.2154858 0.2109046 0.2146074 0.2138511 0.2145261 0.2133168 0.2188096 0.2172138 0.2145787 0.2116639 0.2117675 0.2092776 0.2239821 0.2139443 0.0109385 0.0143042 0.0228310 0.0289877 0.0267902 0.0107918 0.0187193 0.0088291 0.0000000 0.0038908 0.0029185 0.2382368 0.2394441 0.2473812 0.2507746 0.2511221 0.2437756 0.2406530 0.2392572 0.2377828 0.2404176 0.2701063 0.3863191 0.3622789 0.3415103 0.2846541 0.3841749 0.3731492 0.3661335 0.2872546 0.1895142 
Manacus_vitellinus                          0.2176104 0.2289855 0.2164450 0.2176093 0.2149980 0.2158733 0.2113073 0.2149980 0.2142439 0.2149179 0.2137128 0.2191897 0.2175993 0.2149705 0.2122359 0.2121679 0.2096843 0.2245168 0.2143369 0.0149207 0.0183609 0.0268317 0.0330214 0.0307916 0.0147344 0.0220025 0.0119753 0.0038908 0.0000000 0.0029182 0.2385521 0.2397553 0.2476690 0.2510513 0.2513979 0.2440749 0.2400211 0.2386288 0.2371583 0.2397865 0.2703589 0.3856157 0.3616644 0.3406005 0.2848232 0.3831659 0.3721667 0.3655031 0.2897835 0.1938309 
Lepidothrix_coronata                        0.2193473 0.2307516 0.2181772 0.2193447 0.2167294 0.2176023 0.2130293 0.2167294 0.2159674 0.2166462 0.2154404 0.2209349 0.2193432 0.2167003 0.2138058 0.2138924 0.2113994 0.2260999 0.2160611 0.0139314 0.0173558 0.0248513 0.0310299 0.0288142 0.0137544 0.0200149 0.0099864 0.0029185 0.0029182 0.0000000 0.2391877 0.2403932 0.2494620 0.2528505 0.2532005 0.2458603 0.2406639 0.2392690 0.2377954 0.2404287 0.2710340 0.3864984 0.3624758 0.3414896 0.2855690 0.3853577 0.3743235 0.3663279 0.2891518 0.1931053 
Leopardus_geoffroyi                         0.0658500 0.0830202 0.0642462 0.0719493 0.0657543 0.0657704 0.0668952 0.0657543 0.0660380 0.0626280 0.0659803 0.0699706 0.0679738 0.0678566 0.0734354 0.0678726 0.0700668 0.0768626 0.0648813 0.2377518 0.2423172 0.2382950 0.2439723 0.2430085 0.2373955 0.2454902 0.2358473 0.2382368 0.2385521 0.2391877 0.0000000 0.0009856 0.0476917 0.0499978 0.0500517 0.0450538 0.0560845 0.0549909 0.0538737 0.0539443 0.1332944 0.2283804 0.1908213 0.1799408 0.1395430 0.2175443 0.2068935 0.1922829 0.4111450 0.3447370 
Felis_catus                                 0.0668958 0.0836891 0.0652949 0.0730026 0.0667985 0.0668149 0.0679409 0.0667985 0.0670867 0.0636724 0.0670279 0.0700171 0.0690199 0.0689019 0.0744847 0.0689181 0.0711127 0.0779155 0.0659283 0.2389530 0.2435246 0.2394929 0.2451839 0.2442155 0.2385956 0.2466945 0.2370477 0.2394441 0.2397553 0.2403932 0.0009856 0.0000000 0.0487558 0.0510643 0.0511194 0.0461123 0.0571351 0.0560409 0.0549226 0.0549947 0.1344154 0.2295993 0.1920038 0.1811395 0.1406605 0.2187617 0.2081039 0.1934675 0.4128812 0.3454278 
Halichoerus_grypus                          0.0849099 0.1005131 0.0804195 0.0872304 0.0847828 0.0825799 0.0837533 0.0847828 0.0851561 0.0793574 0.0828466 0.0860647 0.0842021 0.0847157 0.0906598 0.0825099 0.0847771 0.0940766 0.0839388 0.2495040 0.2541689 0.2528741 0.2616538 0.2577373 0.2447847 0.2565596 0.2489128 0.2473812 0.2476690 0.2494620 0.0476917 0.0487558 0.0000000 0.0098928 0.0099024 0.0029517 0.0645356 0.0656551 0.0645248 0.0623477 0.1472988 0.2448645 0.2075206 0.2026600 0.1543925 0.2388152 0.2304726 0.2090488 0.4152210 0.3582286 
Mirounga_leonina                            0.0874528 0.0984558 0.0829408 0.0897873 0.0873215 0.0851094 0.0862902 0.0873215 0.0877070 0.0818749 0.0853848 0.0886149 0.0867507 0.0872527 0.0935987 0.0854245 0.0876966 0.0966687 0.0864812 0.2528849 0.2575692 0.2551365 0.2639584 0.2600228 0.2481552 0.2601050 0.2522959 0.2507746 0.2510513 0.2528505 0.0499978 0.0510643 0.0098928 0.0000000 0.0019750 0.0069235 0.0690719 0.0702005 0.0690603 0.0668694 0.1467626 0.2445738 0.2074217 0.1964874 0.1501416 0.2351141 0.2267938 0.2090202 0.4204897 0.3606251 
Mirounga_angustirostris                     0.0875507 0.1008860 0.0830331 0.0898881 0.0874190 0.0852043 0.0863866 0.0874190 0.0878054 0.0819660 0.0854803 0.0887142 0.0868480 0.0873501 0.0937040 0.0855194 0.0877942 0.0967780 0.0865780 0.2532351 0.2579274 0.2554895 0.2643292 0.2603860 0.2484965 0.2604665 0.2526446 0.2511221 0.2513979 0.2532005 0.0500517 0.0511194 0.0099024 0.0019750 0.0000000 0.0069302 0.0691465 0.0702766 0.0691350 0.0669415 0.1469428 0.2446772 0.2077013 0.1994151 0.1503252 0.2381897 0.2298329 0.2093032 0.4195522 0.3611903 
Phoca_vitulina                              0.0820640 0.0975768 0.0775958 0.0843704 0.0819417 0.0797479 0.0809136 0.0819417 0.0823015 0.0765374 0.0800051 0.0832115 0.0813495 0.0818765 0.0877814 0.0796805 0.0819355 0.0911824 0.0810932 0.2459093 0.2505511 0.2492783 0.2580032 0.2541110 0.2412057 0.2530950 0.2453173 0.2437756 0.2440749 0.2458603 0.0450538 0.0461123 0.0029517 0.0069235 0.0069302 0.0000000 0.0613970 0.0625141 0.0613867 0.0592117 0.1440802 0.2409225 0.2038115 0.1991469 0.1511763 0.2351587 0.2268544 0.2053269 0.4123040 0.3539169 
Canis_lupus_dingo                           0.0794020 0.0971987 0.0783145 0.0816105 0.0817107 0.0771629 0.0824064 0.0817107 0.0774266 0.0759829 0.0795422 0.0838949 0.0815997 0.0815638 0.0868726 0.0793620 0.0816227 0.0885008 0.0762260 0.2411260 0.2457485 0.2443646 0.2506201 0.2467583 0.2398234 0.2427081 0.2380843 0.2406530 0.2400211 0.2406639 0.0560845 0.0571351 0.0645356 0.0690719 0.0691465 0.0613970 0.0000000 0.0009909 0.0019850 0.0039754 0.1461368 0.2236804 0.1903864 0.1886524 0.1518977 0.2261852 0.2198877 0.1919302 0.4183218 0.3523042 
Canis_lupus_familiaris                      0.0782710 0.0960382 0.0771844 0.0804768 0.0805758 0.0760346 0.0812668 0.0805758 0.0762945 0.0748571 0.0784093 0.0827581 0.0804665 0.0804309 0.0857250 0.0782314 0.0804889 0.0873565 0.0750966 0.2397332 0.2443468 0.2429700 0.2492058 0.2453533 0.2384331 0.2413129 0.2366922 0.2392572 0.2386288 0.2392690 0.0549909 0.0560409 0.0656551 0.0702005 0.0702766 0.0625141 0.0009909 0.0000000 0.0009917 0.0029792 0.1448728 0.2236562 0.1903613 0.1872875 0.1506302 0.2247823 0.2184921 0.1919051 0.4166385 0.3506309 
Vulpes_lagopus                              0.0771069 0.0948377 0.0760214 0.0793091 0.0794069 0.0748740 0.0800926 0.0794069 0.0751299 0.0736996 0.0772432 0.0815865 0.0792993 0.0792640 0.0845412 0.0770678 0.0793212 0.0861756 0.0739351 0.2382621 0.2428658 0.2414958 0.2477113 0.2438688 0.2369646 0.2398391 0.2352220 0.2377828 0.2371583 0.2377954 0.0538737 0.0549226 0.0645248 0.0690603 0.0691350 0.0613867 0.0019850 0.0009917 0.0000000 0.0019835 0.1435511 0.2221736 0.1889446 0.1858517 0.1493036 0.2233017 0.2170186 0.1904843 0.4148658 0.3489620 
Vulpes_vulpes                               0.0772130 0.0949727 0.0761259 0.0794187 0.0795167 0.0749767 0.0802038 0.0795167 0.0752333 0.0738004 0.0773497 0.0816996 0.0794088 0.0793734 0.0846597 0.0771738 0.0794307 0.0862962 0.0740366 0.2408908 0.2455086 0.2441272 0.2503745 0.2465171 0.2395896 0.2424714 0.2378515 0.2404176 0.2397865 0.2404287 0.0539443 0.0549947 0.0623477 0.0668694 0.0669415 0.0592117 0.0039754 0.0029792 0.0019835 0.0000000 0.1437760 0.2207775 0.1892579 0.1861644 0.1495382 0.2236823 0.2172611 0.1908009 0.4179512 0.3518784 
Rhinolophus_ferrumequinum                   0.1260878 0.1428414 0.1253685 0.1293152 0.1270493 0.1282942 0.1268251 0.1270493 0.1257002 0.1272851 0.1273919 0.1308424 0.1295329 0.1303969 0.1352292 0.1281249 0.1305517 0.1350079 0.1243818 0.2753440 0.2802324 0.2749189 0.2778719 0.2778931 0.2705511 0.2757748 0.2703694 0.2701063 0.2703589 0.2710340 0.1332944 0.1344154 0.1472988 0.1467626 0.1469428 0.1440802 0.1461368 0.1448728 0.1435511 0.1437760 0.0000000 0.2308373 0.2068458 0.1907408 0.0622255 0.2169848 0.2074482 0.2112563 0.4367800 0.3876147 
Rousettus_aegyptiacus                       0.2220121 0.2362965 0.2197150 0.2307411 0.2224776 0.2253888 0.2249057 0.2224776 0.2257019 0.2241127 0.2270355 0.2264295 0.2235605 0.2249864 0.2323351 0.2223067 0.2251482 0.2335598 0.2241027 0.3847132 0.3903755 0.3911647 0.3970212 0.3867700 0.3817346 0.3848136 0.3857167 0.3863191 0.3856157 0.3864984 0.2283804 0.2295993 0.2448645 0.2445738 0.2446772 0.2409225 0.2236804 0.2236562 0.2221736 0.2207775 0.2308373 0.0000000 0.0620907 0.2644608 0.2267740 0.2824642 0.2805150 0.0662472 0.5614344 0.5046740 
Pteropus_vampyrus                           0.1897285 0.2020251 0.1859508 0.1965606 0.1887104 0.1914113 0.1909499 0.1887104 0.1932305 0.1913187 0.1940260 0.1927527 0.1897677 0.1923474 0.1983647 0.1888692 0.1916409 0.1975273 0.1917157 0.3618181 0.3673180 0.3670081 0.3726132 0.3659543 0.3610211 0.3603643 0.3591532 0.3622789 0.3616644 0.3624758 0.1908213 0.1920038 0.2075206 0.2074217 0.2077013 0.2038115 0.1903864 0.1903613 0.1889446 0.1892579 0.2068458 0.0620907 0.0000000 0.2346636 0.2055750 0.2634294 0.2584265 0.0060201 0.5444657 0.4738382 
Miniopterus_natalensis                      0.1763942 0.1933538 0.1744031 0.1784030 0.1758297 0.1772229 0.1758007 0.1758297 0.1753433 0.1799558 0.1801152 0.1810278 0.1755816 0.1781883 0.1845071 0.1775345 0.1774595 0.1842146 0.1738525 0.3411892 0.3417946 0.3490175 0.3511486 0.3445882 0.3402824 0.3438668 0.3399328 0.3415103 0.3406005 0.3414896 0.1799408 0.1811395 0.2026600 0.1964874 0.1994151 0.1991469 0.1886524 0.1872875 0.1858517 0.1861644 0.1907408 0.2644608 0.2346636 0.0000000 0.1786800 0.2181706 0.2077172 0.2399547 0.5111685 0.4456637 
Hipposideros_armiger                        0.1290231 0.1431255 0.1280951 0.1296429 0.1273846 0.1284983 0.1294841 0.1273846 0.1280932 0.1302194 0.1303284 0.1305958 0.1283832 0.1319047 0.1345620 0.1267558 0.1303237 0.1359523 0.1267689 0.2869574 0.2919361 0.2847386 0.2905165 0.2902527 0.2822250 0.2875573 0.2819501 0.2846541 0.2848232 0.2855690 0.1395430 0.1406605 0.1543925 0.1501416 0.1503252 0.1511763 0.1518977 0.1506302 0.1493036 0.1495382 0.0622255 0.2267740 0.2055750 0.1786800 0.0000000 0.2034610 0.1940824 0.2091606 0.4492785 0.3934338 
Myotis_daubentonii                          0.2278865 0.2410650 0.2232715 0.2286934 0.2261593 0.2276528 0.2260709 0.2261593 0.2269051 0.2258745 0.2289601 0.2286408 0.2271486 0.2285783 0.2366318 0.2277714 0.2305517 0.2328082 0.2253005 0.3811818 0.3868077 0.3895608 0.3947088 0.3865282 0.3809329 0.3909863 0.3838527 0.3841749 0.3831659 0.3853577 0.2175443 0.2187617 0.2388152 0.2351141 0.2381897 0.2351587 0.2261852 0.2247823 0.2233017 0.2236823 0.2169848 0.2824642 0.2634294 0.2181706 0.2034610 0.0000000 0.0153010 0.2675291 0.5468829 0.4731809 
Myotis_myotis                               0.2195408 0.2325977 0.2172938 0.2203290 0.2178282 0.2193030 0.2177482 0.2178282 0.2185677 0.2175385 0.2205663 0.2202879 0.2188054 0.2230653 0.2282125 0.2194505 0.2222042 0.2244181 0.2169839 0.3701968 0.3757472 0.3785038 0.3835360 0.3754433 0.3715514 0.3798284 0.3728345 0.3731492 0.3721667 0.3743235 0.2068935 0.2081039 0.2304726 0.2267938 0.2298329 0.2268544 0.2198877 0.2184921 0.2170186 0.2172611 0.2074482 0.2805150 0.2584265 0.2077172 0.1940824 0.0153010 0.0000000 0.2624802 0.5355410 0.4683204 
Pteropus_giganteus                          0.1900657 0.2024180 0.1862728 0.1956925 0.1878133 0.1905239 0.1912941 0.1878133 0.1960524 0.1916643 0.1943847 0.1931051 0.1901062 0.1926979 0.1987422 0.1892036 0.1919873 0.2001209 0.1945278 0.3657032 0.3712360 0.3709291 0.3765802 0.3698820 0.3649064 0.3642311 0.3630303 0.3661335 0.3655031 0.3663279 0.1922829 0.1934675 0.2090488 0.2090202 0.2093032 0.2053269 0.1919302 0.1919051 0.1904843 0.1908009 0.2112563 0.0662472 0.0060201 0.2399547 0.2091606 0.2675291 0.2624802 0.0000000 0.5452337 0.4745441 
Latimeria_chalumnae                         0.4063740 0.4139838 0.4061423 0.4063847 0.4030347 0.4042191 0.4026164 0.4030347 0.4046053 0.4024359 0.4062662 0.4106618 0.4084070 0.4055348 0.4024840 0.4018290 0.3984069 0.4121244 0.4047476 0.2787960 0.2819819 0.2948557 0.2944781 0.2959429 0.2868026 0.2924734 0.2874507 0.2872546 0.2897835 0.2891518 0.4111450 0.4128812 0.4152210 0.4204897 0.4195522 0.4123040 0.4183218 0.4166385 0.4148658 0.4179512 0.4367800 0.5614344 0.5444657 0.5111685 0.4492785 0.5468829 0.5355410 0.5452337 0.0000000 0.3447159 
Rhinatrema_bivittatum                       0.3275592 0.3408571 0.3274736 0.3262229 0.3220552 0.3230416 0.3269854 0.3220552 0.3276979 0.3258544 0.3281309 0.3290546 0.3275403 0.3233290 0.3242192 0.3223346 0.3215451 0.3329878 0.3278274 0.1849264 0.1891452 0.2030659 0.1987988 0.2031479 0.1912471 0.1990907 0.1927846 0.1895142 0.1938309 0.1931053 0.3447370 0.3454278 0.3582286 0.3606251 0.3611903 0.3539169 0.3523042 0.3506309 0.3489620 0.3518784 0.3876147 0.5046740 0.4738382 0.4456637 0.3934338 0.4731809 0.4683204 0.4745441 0.3447159 0.0000000 
